,name,clock tower,darshanlal chowk,saharanpur chowk,isbt dehradun,graphic era hill university,asley hall,matawala bagh,daudwala,mathurawala,vishnupuram,bangali kothi,kargi chowk,ranipokhri,doiwala,lachiwala,kuanwala,harawala,miawala,mokampur,jogiwala,rispana,gujraunwala,raipur chowk,dobhal chowk,6 no. pulia,ring road,post office nehru gram,graphic era hill university/gehu,hathibadkala,garhi cant,vijay coloney,chir bagh,cm house,ongc chowk,ballupur chowk,gms road,rajender nagar,yamuna coloney,bindal pul,kishan nagar,blood bank,supply,it park dehradun,nala paani chowk,shastdhara crossing,ladpur,fountain chowk rispana,fountain chowk,nehru colony,kargi,nakrounda more,naya gaon palio,badowala,telpur,mehuwala,race course,dharampur,mata mandir,balbir road,rajpur,great value,dilaram bazar,nanni bakery dehradun,survey chowk,dwarka store,araghar,kulhal,vikasnagar,tehsil,harbatpur chowk,langa road,shaspur,selaqui,sudhowala,nanda ki chowki,premnagar,panditwari,vasant vihar,selaqui chowk,baliwala chowk,bahuwala raja road,raja road,bansiwala,manduwala,prem nagar,balliwala chowk
0,clock tower,0.0,0.212,1.457,5.84,6.965,0.567,2.103,7.497,4.664,4.606,1.481,4.353,22.858,18.273,16.683,1.006,5.875,5.045,6.646,4.839,5.102,1.006,5.761,4.245,1.603,3.688,4.695,7.708,3.642,3.383,3.325,1.592,1.651,2.571,0.953,2.781,2.473,0.771,0.771,0.771,0.58,6.93,5.883,2.195,1.901,1.723,1.527,0.95,2.974,4.353,13.058,30.191,8.922,5.812,5.905,1.108,3.163,7.066,2.157,7.828,0.551,1.988,,0.95,1.108,2.019,41.215,19.855,0.408,23.6,24.472,23.6,18.384,7.838,8.778,7.571,5.2,4.073,25.993,0.212,1.148,0.952,14.117,11.985,7.821,0.212
1,darshanlal chowk,0.212,0.0,1.419,5.746,6.835,0.676,2.067,7.31,4.582,4.475,1.324,4.193,22.675,18.064,16.476,1.022,5.679,4.842,6.442,4.632,4.895,1.022,5.635,4.092,1.411,3.55,4.886,7.579,3.432,3.219,3.233,1.469,1.565,2.404,0.778,2.855,2.655,0.923,0.923,0.923,0.378,7.094,5.986,2.069,1.762,1.565,1.35,0.923,2.765,4.193,12.862,30.35,8.926,5.807,5.919,0.898,2.955,7.226,1.953,7.96,0.345,2.092,,0.923,0.898,1.809,41.331,19.985,0.241,23.723,24.553,23.723,18.497,7.926,8.889,7.666,5.289,4.142,26.114,0.0,0.946,0.843,14.212,12.157,7.909,0.0
2,saharanpur chowk,1.457,1.419,0.0,4.428,5.665,2.021,0.648,6.607,3.234,3.336,0.916,3.274,23.289,18.19,16.677,0.525,6.228,5.276,6.814,4.973,4.637,0.525,6.755,5.098,1.353,4.652,5.75,6.401,3.377,2.391,1.931,0.655,0.393,1.714,1.031,1.748,2.468,1.195,1.195,1.195,1.289,8.158,7.308,1.056,0.938,1.019,1.134,2.337,3.169,3.274,13.337,29.568,7.525,4.399,4.535,1.469,3.393,8.315,2.6,9.182,1.322,3.426,,2.337,1.469,2.274,40.251,19.0,1.222,22.69,23.322,22.69,17.413,6.759,7.828,6.533,4.159,2.944,25.067,1.419,1.316,0.679,13.054,11.534,6.742,1.419
3,isbt dehradun,5.84,5.746,4.428,0.0,1.698,6.405,3.838,4.339,1.212,1.646,4.524,2.488,23.882,17.372,16.157,4.948,7.889,6.913,7.872,6.491,4.75,4.948,9.806,8.096,4.719,7.939,10.0,2.281,4.819,3.106,2.515,4.293,4.189,3.729,5.06,4.366,6.148,5.59,5.59,5.59,5.479,12.511,11.722,3.719,4.05,4.316,4.617,6.587,5.643,2.488,13.87,29.329,4.634,2.502,3.034,5.296,5.806,12.683,5.764,13.605,5.522,7.827,,6.587,5.296,5.396,38.661,18.163,5.512,21.537,21.137,21.537,16.174,6.162,7.553,6.193,4.788,4.11,23.798,5.746,5.122,4.904,11.646,12.5,6.154,5.746
4,graphic era hill university,6.965,6.835,5.665,1.698,0.0,7.511,5.154,3.032,2.724,2.36,5.527,2.831,22.891,16.031,14.91,6.188,7.707,6.823,7.461,6.408,4.436,6.188,10.053,8.422,5.605,8.397,11.385,0.744,5.027,3.753,3.759,5.373,5.356,4.537,6.085,5.925,7.656,6.859,6.859,6.859,6.517,13.822,12.795,4.77,5.074,5.293,5.562,7.583,6.049,2.831,12.99,30.678,5.637,4.122,4.654,6.221,6.162,13.978,6.394,14.793,6.56,8.92,,7.583,6.221,6.07,39.596,19.426,6.595,22.686,21.932,22.686,17.347,7.713,9.106,7.781,6.484,5.789,24.897,6.835,6.065,6.013,12.843,14.134,7.707,6.835
5,asley hall,0.567,0.676,2.021,6.405,7.511,0.0,2.664,7.939,5.231,5.151,1.998,4.862,22.788,18.412,16.796,1.55,5.908,5.142,6.742,4.978,5.441,1.55,5.497,4.081,2.046,3.481,4.288,8.255,3.954,3.886,3.89,2.142,2.216,3.069,1.446,3.232,2.628,1.148,1.148,1.148,1.022,6.434,5.319,2.743,2.438,2.238,2.01,0.594,3.158,4.862,13.068,30.378,9.446,6.347,6.422,1.472,3.323,6.563,2.304,7.284,0.981,1.423,,0.594,1.472,2.258,41.538,20.143,0.917,23.907,24.879,23.907,18.721,8.24,9.128,7.959,5.607,4.522,26.306,0.676,1.565,1.508,14.496,12.131,8.223,0.676
6,matawala bagh,2.103,2.067,0.648,3.838,5.154,2.664,0.0,6.341,2.632,2.879,1.31,2.963,23.57,18.258,16.781,1.131,6.544,5.562,7.049,5.228,4.634,1.131,7.288,5.602,1.742,5.193,6.231,5.881,3.52,2.195,1.395,0.972,0.653,1.7,1.607,1.464,2.669,1.753,1.753,1.753,1.918,8.692,7.931,0.98,1.074,1.296,1.525,2.983,3.512,2.963,13.573,29.25,6.893,3.763,3.92,2.017,3.737,8.858,3.057,9.769,1.953,4.06,,2.983,2.017,2.699,39.782,18.589,1.866,22.252,22.781,22.252,16.953,6.278,7.404,6.075,3.73,2.496,24.62,2.067,1.846,1.293,12.559,11.323,6.262,2.067
7,daudwala,7.497,7.31,6.607,4.339,3.032,7.939,6.341,0.0,4.822,3.736,6.053,3.38,19.885,13.049,11.888,7.057,5.777,5.15,5.198,4.813,2.927,7.057,8.636,7.273,5.9,7.485,12.191,3.179,4.266,4.218,5.142,6.07,6.22,4.968,6.546,7.566,9.007,7.704,7.704,7.704,6.936,14.346,12.793,5.551,5.734,5.819,5.973,7.779,5.386,3.38,10.058,33.643,8.666,6.82,7.346,6.471,5.388,14.457,6.07,14.984,6.973,9.187,,7.779,6.471,5.885,42.61,22.427,7.089,25.713,24.914,25.713,20.369,10.492,11.879,10.505,8.842,7.886,27.928,7.31,6.376,6.651,15.858,16.73,10.484,7.31
8,mathurawala,4.664,4.582,3.234,1.212,2.724,5.231,2.632,4.822,0.0,1.236,3.412,2.056,23.818,17.665,16.359,3.75,7.367,6.36,7.508,5.947,4.463,3.75,8.984,7.255,3.658,7.028,8.79,3.397,4.166,2.307,1.36,3.153,3.017,2.757,3.928,3.206,4.963,4.384,4.384,4.384,4.336,11.299,10.54,2.609,2.941,3.222,3.53,5.447,4.82,2.056,13.762,29.149,5.061,2.259,2.721,4.202,5.007,11.47,4.807,12.401,4.378,6.65,,5.447,4.202,4.426,38.879,18.11,4.353,21.592,21.502,21.592,16.226,5.836,7.191,5.793,4.022,3.142,23.894,4.582,4.024,3.742,11.708,11.916,5.825,4.582
9,vishnupuram,4.606,4.475,3.336,1.646,2.36,5.151,2.879,3.736,1.236,0.0,3.17,0.877,22.592,16.451,15.131,3.855,6.29,5.3,6.349,4.879,3.263,3.855,8.165,6.46,3.272,6.325,9.083,3.103,3.176,1.501,1.513,3.014,3.01,2.218,3.727,3.899,5.496,4.53,4.53,4.53,4.159,11.484,10.441,2.411,2.714,2.938,3.214,5.234,4.009,0.877,12.54,30.384,6.137,3.486,3.956,3.882,4.167,11.635,4.19,12.433,4.202,6.561,,5.234,3.882,3.836,40.064,19.342,4.235,22.811,22.631,22.811,17.444,7.069,8.419,7.018,5.153,4.153,25.106,4.475,3.72,3.655,12.921,13.079,7.058,4.475
10,bangali kothi,1.481,1.324,0.916,4.524,5.527,1.998,1.31,6.053,3.412,3.17,0.0,2.872,22.374,17.32,15.792,1.119,5.314,4.36,5.901,4.059,3.843,1.119,5.989,4.295,0.444,3.903,6.147,6.271,2.505,1.902,2.054,0.341,0.662,1.095,0.557,2.648,3.27,1.685,1.685,1.685,0.99,8.411,7.271,0.806,0.474,0.242,0.222,2.074,2.257,2.872,12.422,30.477,8.083,4.958,5.168,0.799,2.482,8.547,1.746,9.278,1.033,3.394,,2.074,0.799,1.393,41.09,19.875,1.085,23.551,24.084,23.551,18.258,7.586,8.694,7.377,5.019,3.789,25.921,1.324,0.617,0.604,13.869,12.449,7.57,1.324
11,kargi chowk,4.353,4.193,3.274,2.488,2.831,4.862,2.963,3.38,2.056,0.877,2.872,0.0,21.767,15.771,14.41,3.756,5.416,4.431,5.475,4.009,2.407,3.756,7.376,5.691,2.857,5.607,8.979,3.555,2.345,0.978,1.81,2.807,2.9,1.796,3.417,4.21,5.632,4.425,4.425,4.425,3.842,11.282,10.054,2.237,2.474,2.629,2.856,4.849,3.263,0.0,11.709,31.155,7.014,4.315,4.764,3.476,3.4,11.418,3.563,12.121,3.884,6.23,,4.849,3.476,3.241,40.926,20.155,3.956,23.647,23.507,23.647,18.282,7.836,9.165,7.762,5.777,4.689,25.95,4.193,3.336,3.432,13.764,13.704,7.824,4.193
12,ranipokhri,22.858,22.675,23.289,23.882,22.891,22.788,23.57,19.885,23.818,22.592,22.374,21.767,0.0,8.756,8.744,23.351,17.065,18.017,16.531,18.342,19.373,23.351,17.672,18.741,21.937,19.381,25.775,23.052,20.093,21.832,23.254,22.669,22.998,21.945,22.406,25.007,25.33,23.586,23.586,23.586,22.442,26.076,23.402,22.622,22.498,22.308,22.156,22.211,20.123,21.767,10.061,52.807,28.465,26.076,26.532,21.986,19.9,25.979,20.789,25.183,22.442,22.832,,22.211,21.986,21.054,62.487,41.921,22.642,45.398,44.795,45.398,40.031,29.559,30.836,29.445,27.235,26.014,47.676,22.675,22.079,22.766,35.503,34.801,29.546,22.675
13,doiwala,18.273,18.064,18.19,17.372,16.031,18.412,18.258,13.049,17.665,16.451,17.32,15.771,8.756,0.0,1.803,18.427,12.61,13.274,11.683,13.44,13.634,18.427,14.641,14.933,16.939,15.577,22.282,15.987,14.818,16.168,17.516,17.536,17.826,16.56,17.55,19.709,20.574,18.866,18.866,18.866,17.739,23.429,20.943,17.282,17.274,17.175,17.129,17.927,15.3,15.771,6.352,46.692,21.638,19.813,20.326,17.212,15.112,23.414,16.127,23.118,17.755,18.975,,17.927,17.212,16.261,55.19,35.457,17.947,38.662,37.377,38.662,33.351,23.477,24.849,23.455,21.547,20.427,40.82,18.064,17.241,17.849,28.866,29.464,23.468,18.064
14,lachiwala,16.683,16.476,16.677,16.157,14.91,16.796,16.781,11.888,16.359,15.131,15.792,14.41,8.744,1.803,0.0,16.887,10.944,11.654,10.054,11.844,12.19,16.887,12.876,13.227,15.398,13.876,20.594,14.935,13.3,14.739,16.115,16.022,16.321,15.081,15.992,18.241,19.025,17.299,17.299,17.299,16.161,21.683,19.179,15.802,15.773,15.658,15.594,16.296,13.716,14.41,4.55,45.478,20.545,18.551,19.053,15.639,13.521,21.663,14.529,21.342,16.175,17.304,,16.296,15.639,14.682,54.319,34.308,16.37,37.594,36.53,37.594,32.256,22.193,23.55,22.149,20.165,19.018,39.791,16.476,15.678,16.304,27.746,28.053,22.183,16.476
15,kuanwala,1.006,1.022,0.525,4.948,6.188,1.55,1.131,7.057,3.75,3.855,1.119,3.756,23.351,18.427,16.887,0.0,6.29,5.374,6.945,5.102,4.959,0.0,6.57,4.963,1.489,4.468,5.241,6.925,3.618,2.842,2.456,0.995,0.859,2.108,0.945,1.869,2.153,0.677,0.677,0.677,1.019,7.634,6.8,1.52,1.327,1.305,1.298,1.938,3.248,3.756,13.446,29.564,7.916,4.806,4.902,1.376,3.465,7.791,2.571,8.659,1.04,2.931,,1.938,1.376,2.298,40.395,19.09,0.881,22.807,23.557,22.807,17.556,6.945,7.951,6.697,4.316,3.142,25.192,1.022,1.272,0.591,13.24,11.451,6.928,1.022
16,harawala,5.875,5.679,6.228,7.889,7.707,5.908,6.544,5.777,7.367,6.29,5.314,5.416,17.065,12.61,10.944,6.29,0.0,1.016,1.069,1.421,3.272,6.29,3.087,2.446,4.875,3.038,9.677,8.256,3.231,5.106,6.464,5.618,5.949,5.006,5.346,7.957,8.321,6.567,6.567,6.567,5.412,11.018,8.757,5.631,5.47,5.261,5.094,5.379,3.059,5.416,7.183,35.787,12.412,9.542,9.913,4.934,2.835,11.039,3.746,11.033,5.417,6.365,,5.379,4.934,3.992,46.152,25.097,5.618,28.714,28.865,28.714,23.379,12.722,13.919,12.559,10.26,9.026,31.061,5.679,5.019,5.703,18.912,17.74,12.708,5.679
17,miawala,5.045,4.842,5.276,6.913,6.823,5.142,5.562,5.15,6.36,5.3,4.36,4.431,18.017,13.274,11.654,5.374,1.016,0.0,1.602,0.423,2.419,5.374,3.489,2.321,3.927,2.76,9.106,7.406,2.215,4.091,5.448,4.652,4.981,3.998,4.439,6.99,7.451,5.701,5.701,5.701,4.547,10.642,8.537,4.635,4.488,4.291,4.143,4.654,2.127,4.431,8.072,34.811,11.41,8.527,8.897,4.046,1.912,10.686,2.889,10.818,4.557,5.771,,4.654,4.046,3.088,45.136,24.092,4.756,27.703,27.853,27.703,22.366,11.714,12.919,11.554,9.266,8.034,30.048,4.842,4.113,4.784,17.896,16.807,11.699,4.842
18,mokampur,6.646,6.442,6.814,7.872,7.461,6.742,7.049,5.198,7.508,6.349,5.901,5.475,16.531,11.683,10.054,6.945,1.069,1.602,0.0,1.843,3.124,6.945,4.079,3.506,5.477,4.08,10.646,7.939,3.563,5.354,6.765,6.176,6.499,5.415,6.017,8.499,9.041,7.294,7.294,7.294,6.143,12.059,9.822,6.093,5.982,5.81,5.688,6.245,3.707,5.475,6.527,36.276,12.477,9.742,10.151,5.635,3.5,12.085,4.49,12.099,6.153,7.317,,6.245,5.635,4.675,46.384,25.466,6.352,29.031,28.98,29.031,23.677,13.078,14.324,12.943,10.705,9.483,31.357,6.442,5.694,6.354,19.179,18.346,13.065,6.442
19,jogiwala,4.839,4.632,4.973,6.491,6.408,4.978,5.228,4.813,5.947,4.879,4.059,4.009,18.342,13.44,11.844,5.102,1.421,0.423,1.843,0.0,2.023,5.102,3.829,2.532,3.634,2.895,9.033,6.998,1.819,3.688,5.058,4.339,4.664,3.632,4.178,6.669,7.207,5.465,5.465,5.465,4.32,10.659,8.628,4.286,4.156,3.974,3.846,4.519,1.875,4.009,8.364,34.473,10.994,8.123,8.499,3.804,1.676,10.712,2.688,10.905,4.332,5.702,,4.519,3.804,2.844,44.743,23.724,4.529,27.325,27.444,27.325,21.983,11.34,12.557,11.187,8.914,7.685,29.666,4.632,3.857,4.512,17.507,16.507,11.326,4.632
20,rispana,5.102,4.895,4.637,4.75,4.436,5.441,4.634,2.927,4.463,3.263,3.843,2.407,19.373,13.634,12.19,4.959,3.272,2.419,3.124,2.023,0.0,4.959,5.823,4.368,3.544,4.558,9.724,4.994,1.499,2.551,3.948,3.996,4.254,2.949,4.21,6.076,7.094,5.511,5.511,5.511,4.522,11.689,9.963,3.667,3.7,3.656,3.69,5.16,2.537,2.407,9.312,33.503,9.365,6.721,7.163,3.999,2.504,11.779,3.312,12.191,4.551,6.533,,5.16,3.999,3.217,43.327,22.548,4.71,26.052,25.872,26.052,20.688,10.199,11.503,10.103,8.001,6.833,28.357,4.895,3.958,4.43,16.171,15.863,10.186,4.895
21,gujraunwala,1.006,1.022,0.525,4.948,6.188,1.55,1.131,7.057,3.75,3.855,1.119,3.756,23.351,18.427,16.887,0.0,6.29,5.374,6.945,5.102,4.959,0.0,6.57,4.963,1.489,4.468,5.241,6.925,3.618,2.842,2.456,0.995,0.859,2.108,0.945,1.869,2.153,0.677,0.677,0.677,1.019,7.634,6.8,1.52,1.327,1.305,1.298,1.938,3.248,3.756,13.446,29.564,7.916,4.806,4.902,1.376,3.465,7.791,2.571,8.659,1.04,2.931,,1.938,1.376,2.298,40.395,19.09,0.881,22.807,23.557,22.807,17.556,6.945,7.951,6.697,4.316,3.142,25.192,1.022,1.272,0.591,13.24,11.451,6.928,1.022
22,raipur chowk,5.761,5.635,6.755,9.806,10.053,5.497,7.288,8.636,8.984,8.165,5.989,7.376,17.672,14.641,12.876,6.57,3.087,3.489,4.079,3.829,5.823,6.57,0.0,1.732,5.586,2.105,8.124,10.696,5.046,6.717,7.781,6.329,6.636,6.252,5.725,8.438,8.123,6.531,6.531,6.531,5.551,8.836,6.303,6.628,6.348,6.064,5.787,4.906,4.172,7.376,8.568,35.856,13.965,10.882,11.136,5.288,4.001,8.803,4.276,8.491,5.532,5.216,,4.906,5.288,4.659,46.962,25.615,5.704,29.358,30.068,29.358,24.124,13.506,14.517,13.266,10.884,9.69,31.748,5.635,5.449,6.088,19.803,17.583,13.489,5.635
23,dobhal chowk,4.245,4.092,5.098,8.096,8.422,4.081,5.602,7.273,7.255,6.46,4.295,5.691,18.741,14.933,13.227,4.963,2.446,2.321,3.506,2.532,4.368,4.963,1.732,0.0,3.88,0.66,7.38,9.087,3.395,4.997,6.05,4.635,4.95,4.521,4.076,6.814,6.69,5.011,5.011,5.011,3.953,8.583,6.317,4.907,4.635,4.356,4.087,3.491,2.454,5.691,9.196,34.434,12.235,9.156,9.419,3.632,2.294,8.599,2.561,8.596,3.94,4.161,,3.491,3.632,2.94,45.346,24.052,4.125,27.769,28.377,27.769,22.507,11.857,12.909,11.63,9.252,8.042,30.151,4.092,3.783,4.446,18.15,16.207,11.84,4.092
24,6 no. pulia,1.603,1.411,1.353,4.719,5.605,2.046,1.742,5.9,3.658,3.272,0.444,2.857,21.937,16.939,15.398,1.489,4.875,3.927,5.477,3.634,3.544,1.489,5.586,3.88,0.0,3.514,6.296,6.346,2.144,1.881,2.323,0.772,1.102,1.071,0.669,3.091,3.636,1.973,1.973,1.973,1.035,8.478,7.203,1.079,0.77,0.48,0.222,1.992,1.816,2.857,11.993,30.919,8.437,5.322,5.554,0.619,2.041,8.603,1.321,9.266,1.072,3.376,,1.992,0.619,0.957,41.525,20.318,1.196,23.99,24.498,23.99,18.695,8.02,9.136,7.815,5.46,4.229,26.36,1.411,0.484,0.912,14.3,12.881,8.004,1.411
25,ring road,3.688,3.55,4.652,7.939,8.397,3.481,5.193,7.485,7.028,6.325,3.903,5.607,19.381,15.577,13.876,4.468,3.038,2.76,4.08,2.895,4.558,4.468,2.105,0.66,3.514,0.0,6.725,9.085,3.409,4.834,5.77,4.242,4.542,4.272,3.621,6.334,6.104,4.459,4.459,4.459,3.449,7.981,5.783,4.576,4.283,3.994,3.707,2.887,2.349,5.607,9.855,33.856,11.939,8.833,9.067,3.186,2.24,8.005,2.234,8.066,3.431,3.502,,2.887,3.186,2.62,44.863,23.534,3.607,27.267,27.97,27.267,22.024,11.401,12.418,11.162,8.78,7.585,29.655,3.55,3.349,3.983,17.698,15.611,11.384,3.55
26,post office nehru gram,4.695,4.886,5.75,10.0,11.385,4.288,6.231,12.191,8.79,9.083,6.147,8.979,25.775,22.282,20.594,5.241,9.677,9.106,10.646,9.033,9.724,5.241,8.124,7.38,6.296,6.725,0.0,12.111,8.23,8.033,7.625,6.174,6.098,7.24,5.645,5.765,3.978,4.565,4.565,4.565,5.263,2.618,3.454,6.748,6.508,6.385,6.218,4.588,7.342,8.979,16.546,28.693,11.727,9.039,8.873,5.754,7.473,2.832,6.489,4.143,5.228,3.335,,4.588,5.754,6.516,40.888,19.447,5.103,23.297,25.219,23.297,18.498,9.281,9.584,8.907,7.133,6.649,25.705,4.886,5.829,5.559,14.835,10.618,9.263,4.886
27,graphic era hill university/gehu,7.708,7.579,6.401,2.281,0.744,8.255,5.881,3.179,3.397,3.103,6.271,3.555,23.052,15.987,14.935,6.925,8.256,7.406,7.939,6.998,4.994,6.925,10.696,9.087,6.346,9.085,12.111,0.0,5.696,4.489,4.488,6.116,6.096,5.277,6.828,6.603,8.353,7.595,7.595,7.595,7.261,14.558,13.538,5.513,5.817,6.037,6.305,8.326,6.741,3.555,13.233,30.79,5.659,4.55,5.071,6.963,6.846,14.716,7.114,15.536,7.303,9.664,,8.326,6.963,6.795,39.459,19.494,7.338,22.679,21.743,22.679,17.364,8.034,9.419,8.134,7.005,6.389,24.859,7.579,6.807,6.756,12.89,14.515,8.03,7.579
28,hathibadkala,3.642,3.432,3.377,4.819,5.027,3.954,3.52,4.266,4.166,3.176,2.505,2.345,20.093,14.818,13.3,3.618,3.231,2.215,3.563,1.819,1.499,3.618,5.046,3.395,2.144,3.409,8.23,5.696,0.0,1.878,3.239,2.722,3.023,1.854,2.791,4.983,5.771,4.112,4.112,4.112,3.066,10.197,8.531,2.548,2.479,2.359,2.321,3.662,1.131,2.345,10.069,32.714,9.226,6.312,6.682,2.534,1.178,10.29,1.828,10.738,3.092,5.037,,3.662,2.534,1.718,42.924,21.919,3.262,25.51,25.643,25.51,20.166,9.532,10.764,9.387,7.142,5.922,27.849,3.432,2.513,3.054,15.688,14.843,9.518,3.432
29,garhi cant,3.383,3.219,2.391,3.106,3.753,3.886,2.195,4.218,2.307,1.501,1.902,0.978,21.832,16.168,14.739,2.842,5.106,4.091,5.354,3.688,2.551,2.842,6.717,4.997,1.881,4.834,8.033,4.489,1.878,0.0,1.422,1.865,2.002,0.818,2.442,3.577,4.822,3.498,3.498,3.498,2.866,10.312,9.082,1.334,1.529,1.66,1.878,3.873,2.545,0.978,11.778,30.996,7.365,4.436,4.815,2.5,2.72,10.445,2.69,11.144,2.907,5.252,,3.873,2.5,2.341,41.062,20.117,2.983,23.678,23.765,23.678,18.326,7.733,9.005,7.613,5.458,4.283,26.007,3.219,2.359,2.475,13.835,13.314,7.72,3.219
30,vijay coloney,3.325,3.233,1.931,2.515,3.759,3.89,1.395,5.142,1.36,1.513,2.054,1.81,23.254,17.516,16.115,2.456,6.464,5.448,6.765,5.058,3.948,2.456,7.781,6.05,2.323,5.77,7.625,4.488,3.239,1.422,0.0,1.793,1.674,1.54,2.568,2.424,3.983,3.116,3.116,3.116,2.978,10.076,9.208,1.256,1.587,1.873,2.182,4.089,3.674,1.81,13.2,29.575,6.185,3.133,3.46,2.849,3.881,10.237,3.536,11.111,3.02,5.313,,4.089,2.849,3.15,39.688,18.701,3.001,22.274,22.459,22.274,16.928,6.315,7.583,6.191,4.055,2.911,24.61,3.233,2.669,2.391,12.449,11.949,6.301,3.233
31,chir bagh,1.592,1.469,0.655,4.293,5.373,2.142,0.972,6.07,3.153,3.014,0.341,2.807,22.669,17.536,16.022,0.995,5.618,4.652,6.176,4.339,3.996,0.995,6.329,4.635,0.772,4.242,6.174,6.116,2.722,1.865,1.793,0.0,0.333,1.113,0.777,2.34,3.099,1.635,1.635,1.635,1.187,8.496,7.453,0.603,0.337,0.367,0.554,2.297,2.567,2.807,12.702,30.17,7.759,4.63,4.833,1.107,2.792,8.64,2.085,9.42,1.229,3.561,,2.297,1.107,1.728,40.754,19.548,1.23,23.219,23.743,23.219,17.923,7.249,8.365,7.044,4.69,3.458,25.588,1.469,0.927,0.642,13.531,12.17,7.233,1.469
32,cm house,1.651,1.565,0.393,4.189,5.356,2.216,0.653,6.22,3.017,3.01,0.662,2.9,22.998,17.826,16.321,0.859,5.949,4.981,6.499,4.664,4.254,0.859,6.636,4.95,1.102,4.542,6.098,6.096,3.023,2.002,1.674,0.333,0.0,1.322,0.985,2.009,2.86,1.534,1.534,1.534,1.345,8.474,7.534,0.669,0.555,0.69,0.881,2.448,2.899,2.9,13.025,29.838,7.502,4.371,4.552,1.374,3.125,8.625,2.408,9.454,1.385,3.639,,2.448,1.374,2.055,40.428,19.216,1.339,22.889,23.433,22.889,17.595,6.923,8.034,6.715,4.358,3.128,25.259,1.565,1.2,0.729,13.209,11.849,6.908,1.565
33,ongc chowk,2.571,2.404,1.714,3.729,4.537,3.069,1.7,4.968,2.757,2.218,1.095,1.796,21.945,16.56,15.081,2.108,5.006,3.998,5.415,3.632,2.949,2.108,6.252,4.521,1.071,4.272,7.24,5.277,1.854,0.818,1.54,1.113,1.322,0.0,1.626,3.161,4.182,2.739,2.739,2.739,2.048,9.497,8.274,0.722,0.784,0.856,1.06,3.061,2.135,1.796,11.922,30.861,7.719,4.671,4.981,1.69,2.344,9.63,2.053,10.326,2.089,4.434,,3.061,1.69,1.675,41.167,20.095,2.169,23.708,23.986,23.708,18.376,7.716,8.926,7.557,5.291,4.069,26.057,2.404,1.543,1.684,13.922,13.01,7.702,2.404
34,ballupur chowk,0.953,0.778,1.031,5.06,6.085,1.446,1.607,6.546,3.928,3.727,0.557,3.417,22.406,17.55,15.992,0.945,5.346,4.439,6.017,4.178,4.21,0.945,5.725,4.076,0.669,3.621,5.645,6.828,2.791,2.442,2.568,0.777,0.985,1.626,0.0,2.743,3.034,1.324,1.324,1.324,0.433,7.872,6.715,1.344,1.02,0.795,0.574,1.528,2.313,3.417,12.508,30.504,8.486,5.355,5.526,0.445,2.527,8.004,1.629,8.722,0.475,2.837,,1.528,0.445,1.355,41.27,19.997,0.546,23.699,24.352,23.699,18.431,7.785,8.837,7.555,5.177,3.969,26.079,0.778,0.327,0.374,14.082,12.396,7.769,0.778
35,gms road,2.781,2.855,1.748,4.366,5.925,3.232,1.464,7.566,3.206,3.899,2.648,4.21,25.007,19.709,18.241,1.869,7.957,6.99,8.499,6.669,6.076,1.869,8.438,6.814,3.091,6.334,5.765,6.603,4.983,3.577,2.424,2.34,2.009,3.161,2.743,0.0,1.808,2.086,2.086,2.086,2.888,8.354,8.056,2.443,2.517,2.699,2.869,3.728,4.903,4.21,15.026,27.831,6.33,3.357,3.311,3.188,5.129,8.548,4.346,9.644,2.909,4.413,,3.728,3.188,4.022,38.534,17.257,2.746,20.957,21.698,20.957,15.694,5.077,6.095,4.829,2.447,1.293,23.338,2.855,3.05,2.37,11.371,9.861,5.06,2.855
36,rajender nagar,2.473,2.655,2.468,6.148,7.656,2.628,2.669,9.007,4.963,5.496,3.27,5.632,25.33,20.574,19.025,2.153,8.321,7.451,9.041,7.207,7.094,2.153,8.123,6.69,3.636,6.104,3.978,8.353,5.771,4.822,3.983,3.099,2.86,4.182,3.034,1.808,0.0,1.754,1.754,1.754,2.91,6.584,6.534,3.503,3.405,3.441,3.451,3.222,5.334,5.632,15.503,27.752,7.872,5.068,4.933,3.406,5.542,6.786,4.577,7.949,2.904,3.308,,3.222,3.406,4.366,38.984,17.556,2.704,21.339,22.513,21.339,16.201,5.955,6.67,5.63,3.447,2.716,23.743,2.655,3.351,2.725,12.078,9.519,5.937,2.655
37,yamuna coloney,0.771,0.923,1.195,5.59,6.859,1.148,1.753,7.704,4.384,4.53,1.685,4.425,23.586,18.866,17.299,0.677,6.567,5.701,7.294,5.465,5.511,0.677,6.531,5.011,1.973,4.459,4.565,7.595,4.112,3.498,3.116,1.635,1.534,2.739,1.324,2.086,1.754,0.0,0.0,0.0,1.156,6.964,6.208,2.188,1.972,1.902,1.821,1.675,3.591,4.425,13.749,29.428,8.343,5.271,5.314,1.661,3.795,7.122,2.823,8.017,1.15,2.394,,1.675,1.661,2.621,40.45,19.084,0.949,22.832,23.74,22.832,17.621,7.102,8.018,6.826,4.466,3.375,25.226,0.923,1.625,1.085,13.369,11.237,7.084,0.923
38,bindal pul,0.771,0.923,1.195,5.59,6.859,1.148,1.753,7.704,4.384,4.53,1.685,4.425,23.586,18.866,17.299,0.677,6.567,5.701,7.294,5.465,5.511,0.677,6.531,5.011,1.973,4.459,4.565,7.595,4.112,3.498,3.116,1.635,1.534,2.739,1.324,2.086,1.754,0.0,0.0,0.0,1.156,6.964,6.208,2.188,1.972,1.902,1.821,1.675,3.591,4.425,13.749,29.428,8.343,5.271,5.314,1.661,3.795,7.122,2.823,8.017,1.15,2.394,,1.675,1.661,2.621,40.45,19.084,0.949,22.832,23.74,22.832,17.621,7.102,8.018,6.826,4.466,3.375,25.226,0.923,1.625,1.085,13.369,11.237,7.084,0.923
39,kishan nagar,0.771,0.923,1.195,5.59,6.859,1.148,1.753,7.704,4.384,4.53,1.685,4.425,23.586,18.866,17.299,0.677,6.567,5.701,7.294,5.465,5.511,0.677,6.531,5.011,1.973,4.459,4.565,7.595,4.112,3.498,3.116,1.635,1.534,2.739,1.324,2.086,1.754,0.0,0.0,0.0,1.156,6.964,6.208,2.188,1.972,1.902,1.821,1.675,3.591,4.425,13.749,29.428,8.343,5.271,5.314,1.661,3.795,7.122,2.823,8.017,1.15,2.394,,1.675,1.661,2.621,40.45,19.084,0.949,22.832,23.74,22.832,17.621,7.102,8.018,6.826,4.466,3.375,25.226,0.923,1.625,1.085,13.369,11.237,7.084,0.923
40,blood bank,0.58,0.378,1.289,5.479,6.517,1.022,1.918,6.936,4.336,4.159,0.99,3.842,22.442,17.739,16.161,1.019,5.412,4.547,6.143,4.32,4.522,1.019,5.551,3.953,1.035,3.449,5.263,7.261,3.066,2.866,2.978,1.187,1.345,2.048,0.433,2.888,2.91,1.156,1.156,1.156,0.0,7.455,6.284,1.77,1.45,1.227,0.988,1.111,2.446,3.842,12.593,30.53,8.81,5.681,5.825,0.535,2.645,7.584,1.667,8.291,0.043,2.404,,1.111,0.535,1.479,41.414,20.1,0.209,23.822,24.566,23.822,18.575,7.963,8.969,7.717,5.335,4.154,26.208,0.378,0.569,0.626,14.258,12.369,7.946,0.378
41,supply,6.93,7.094,8.158,12.511,13.822,6.434,8.692,14.346,11.299,11.484,8.411,11.282,26.076,23.429,21.683,7.634,11.018,10.642,12.059,10.659,11.689,7.634,8.836,8.583,8.478,7.981,2.618,14.558,10.197,10.312,10.076,8.496,8.474,9.497,7.872,8.354,6.584,6.964,6.964,6.964,7.455,0.0,2.674,9.092,8.819,8.653,8.442,6.569,9.184,11.282,17.402,29.882,14.339,11.65,11.49,7.886,9.269,0.25,8.377,1.795,7.415,5.167,,6.569,7.886,8.494,42.557,21.25,7.329,25.092,27.364,25.092,20.508,11.791,11.977,11.41,9.732,9.266,27.481,7.094,7.995,7.859,17.087,12.269,11.774,7.094
42,it park dehradun,5.883,5.986,7.308,11.722,12.795,5.319,7.931,12.793,10.54,10.441,7.271,10.054,23.402,20.943,19.179,6.8,8.757,8.537,9.822,8.628,9.963,6.8,6.303,6.317,7.203,5.783,3.454,13.538,8.531,9.082,9.208,7.453,7.534,8.274,6.715,8.056,6.534,6.208,6.208,6.208,6.284,2.674,0.0,8.049,7.733,7.503,7.234,5.214,7.429,10.054,14.831,32.038,14.363,11.401,11.362,6.584,7.462,2.582,6.726,2.283,6.241,3.896,,5.214,6.584,6.941,44.341,22.901,6.224,26.751,28.591,26.751,21.927,12.363,12.834,12.008,9.968,9.202,29.159,5.986,6.734,6.826,18.17,14.057,12.345,5.986
43,nala paani chowk,2.195,2.069,1.056,3.719,4.77,2.743,0.98,5.551,2.609,2.411,0.806,2.237,22.622,17.282,15.802,1.52,5.631,4.635,6.093,4.286,3.667,1.52,6.628,4.907,1.079,4.576,6.748,5.513,2.548,1.334,1.256,0.603,0.669,0.722,1.344,2.443,3.503,2.188,2.188,2.188,1.77,9.092,8.049,0.0,0.333,0.617,0.926,2.872,2.652,2.237,12.612,30.189,7.365,4.258,4.513,1.594,2.873,9.238,2.353,10.023,1.813,4.159,,2.872,1.594,1.969,40.599,19.47,1.828,23.106,23.494,23.106,17.787,7.112,8.289,6.935,4.632,3.4,25.464,2.069,1.415,1.244,13.357,12.299,7.097,2.069
44,shastdhara crossing,1.901,1.762,0.938,4.05,5.074,2.438,1.074,5.734,2.941,2.714,0.474,2.474,22.498,17.274,15.773,1.327,5.47,4.488,5.982,4.156,3.7,1.327,6.348,4.635,0.77,4.283,6.508,5.817,2.479,1.529,1.587,0.337,0.555,0.784,1.02,2.517,3.405,1.972,1.972,1.972,1.45,8.819,7.733,0.333,0.0,0.293,0.6,2.545,2.448,2.474,12.508,30.324,7.668,4.552,4.789,1.262,2.673,8.961,2.074,9.722,1.493,3.848,,2.545,1.262,1.696,40.816,19.651,1.521,23.304,23.749,23.304,17.995,7.316,8.466,7.126,4.796,3.561,25.667,1.762,1.083,0.961,13.58,12.374,7.301,1.762
45,ladpur,1.723,1.565,1.019,4.316,5.293,2.238,1.296,5.819,3.222,2.938,0.242,2.629,22.308,17.175,15.658,1.305,5.261,4.291,5.81,3.974,3.656,1.305,6.064,4.356,0.48,3.994,6.385,6.037,2.359,1.66,1.873,0.367,0.69,0.856,0.795,2.699,3.441,1.902,1.902,1.902,1.227,8.653,7.503,0.617,0.293,0.0,0.309,2.298,2.218,2.629,12.336,30.526,7.96,4.843,5.074,0.982,2.443,8.789,1.794,9.517,1.269,3.631,,2.298,0.982,1.422,41.07,19.885,1.327,23.547,24.024,23.547,18.244,7.567,8.7,7.369,5.026,3.792,25.913,1.565,0.806,0.831,13.839,12.536,7.551,1.565
46,fountain chowk rispana,1.527,1.35,1.134,4.617,5.562,2.01,1.525,5.973,3.53,3.214,0.222,2.856,22.156,17.129,15.594,1.298,5.094,4.143,5.688,3.846,3.69,1.298,5.787,4.087,0.222,3.707,6.218,6.305,2.321,1.878,2.182,0.554,0.881,1.06,0.574,2.869,3.451,1.821,1.821,1.821,0.988,8.442,7.234,0.926,0.6,0.309,0.0,2.021,2.036,2.856,12.208,30.698,8.259,5.138,5.36,0.679,2.261,8.572,1.532,9.27,1.029,3.378,,2.021,0.679,1.174,41.307,20.096,1.12,23.77,24.29,23.77,18.476,7.803,8.915,7.596,5.239,4.009,26.141,1.35,0.509,0.741,14.084,12.665,7.787,1.35
47,fountain chowk,0.95,0.923,2.337,6.587,7.583,0.594,2.983,7.779,5.447,5.234,2.074,4.849,22.211,17.927,16.296,1.938,5.379,4.654,6.245,4.519,5.16,1.938,4.906,3.491,1.992,2.887,4.588,8.326,3.662,3.873,4.089,2.297,2.448,3.061,1.528,3.728,3.222,1.675,1.675,1.675,1.111,6.569,5.214,2.872,2.545,2.298,2.021,0.0,2.759,4.849,12.519,30.973,9.849,6.73,6.84,1.374,2.901,6.678,1.902,7.28,1.07,1.409,,0.0,1.374,1.944,42.111,20.726,1.119,24.485,25.412,24.485,19.289,8.774,9.689,8.501,6.137,5.021,26.882,0.923,1.52,1.72,15.044,12.724,8.757,0.923
48,nehru colony,2.974,2.765,3.169,5.643,6.049,3.158,3.512,5.386,4.82,4.009,2.257,3.263,20.123,15.3,13.716,3.248,3.059,2.127,3.707,1.875,2.537,3.248,4.172,2.454,1.816,2.349,7.342,6.741,1.131,2.545,3.674,2.567,2.899,2.135,2.313,4.903,5.334,3.591,3.591,3.591,2.446,9.184,7.429,2.652,2.448,2.218,2.036,2.759,0.0,3.263,10.198,32.734,9.84,6.806,7.112,1.93,0.226,9.265,0.859,9.653,2.459,4.064,,2.759,1.93,0.969,43.25,22.098,2.655,25.75,26.115,25.75,20.437,9.759,10.913,9.573,7.241,6.006,28.111,2.765,1.988,2.657,16.008,14.687,9.744,2.765
49,kargi,4.353,4.193,3.274,2.488,2.831,4.862,2.963,3.38,2.056,0.877,2.872,0.0,21.767,15.771,14.41,3.756,5.416,4.431,5.475,4.009,2.407,3.756,7.376,5.691,2.857,5.607,8.979,3.555,2.345,0.978,1.81,2.807,2.9,1.796,3.417,4.21,5.632,4.425,4.425,4.425,3.842,11.282,10.054,2.237,2.474,2.629,2.856,4.849,3.263,0.0,11.709,31.155,7.014,4.315,4.764,3.476,3.4,11.418,3.563,12.121,3.884,6.23,,4.849,3.476,3.241,40.926,20.155,3.956,23.647,23.507,23.647,18.282,7.836,9.165,7.762,5.777,4.689,25.95,4.193,3.336,3.432,13.764,13.704,7.824,4.193
50,nakrounda more,13.058,12.862,13.337,13.87,12.99,13.068,13.573,10.058,13.762,12.54,12.422,11.709,10.061,6.352,4.55,13.446,7.183,8.072,6.527,8.364,9.312,13.446,8.568,9.196,11.993,9.855,16.546,13.233,10.069,11.778,13.2,12.702,13.025,11.922,12.508,15.026,15.503,13.749,13.749,13.749,12.593,17.402,14.831,12.612,12.508,12.336,12.208,12.519,10.198,11.709,0.0,42.769,18.484,16.021,16.473,12.107,9.982,17.363,10.926,16.939,12.599,13.355,,12.519,12.107,11.155,52.526,31.86,12.799,35.35,34.918,35.35,29.984,19.5,20.783,19.389,17.201,15.988,37.641,12.862,12.182,12.855,25.459,24.871,19.487,12.862
51,naya gaon palio,30.191,30.35,29.568,29.329,30.678,30.378,29.25,33.643,29.149,30.384,30.477,31.155,52.807,46.692,45.478,29.564,35.787,34.811,36.276,34.473,33.503,29.564,35.856,34.434,30.919,33.856,28.693,30.79,32.714,30.996,29.575,30.17,29.838,30.861,30.504,27.831,27.752,29.428,29.428,29.428,30.53,29.882,32.038,30.189,30.324,30.526,30.698,30.973,32.734,31.155,42.769,0.0,25.147,26.932,26.437,30.94,32.959,30.103,32.132,31.578,30.536,30.742,,30.973,30.94,31.834,14.612,11.369,30.342,9.09,13.768,9.09,13.698,23.32,22.0,23.4,25.572,26.793,8.087,30.35,30.827,30.134,17.955,18.287,23.331,30.35
52,badowala,8.922,8.926,7.525,4.634,5.637,9.446,6.893,8.666,5.061,6.137,8.083,7.014,28.465,21.638,20.545,7.916,12.412,11.41,12.477,10.994,9.365,7.916,13.965,12.235,8.437,11.939,11.727,5.659,9.226,7.365,6.185,7.759,7.502,7.719,8.486,6.33,7.872,8.343,8.343,8.343,8.81,14.339,14.363,7.365,7.668,7.96,8.259,9.849,9.84,7.014,18.484,25.147,0.0,3.132,3.03,8.865,10.037,14.558,9.708,15.803,8.845,10.725,,9.849,8.865,9.322,34.042,13.836,8.745,17.05,16.508,17.05,11.716,3.547,4.644,3.857,4.626,5.166,19.263,8.926,8.686,8.186,7.231,9.79,3.554,8.926
53,telpur,5.812,5.807,4.399,2.502,4.122,6.347,3.763,6.82,2.259,3.486,4.958,4.315,26.076,19.813,18.551,4.806,9.542,8.527,9.742,8.123,6.721,4.806,10.882,9.156,5.322,8.833,9.039,4.55,6.312,4.436,3.133,4.63,4.371,4.671,5.355,3.357,5.068,5.271,5.271,5.271,5.681,11.65,11.401,4.258,4.552,4.843,5.138,6.73,6.806,4.315,16.021,26.932,3.132,0.0,0.533,5.735,7.013,11.854,6.61,12.992,5.716,7.665,,6.73,5.735,6.225,36.643,15.857,5.62,19.332,19.337,19.332,13.967,3.673,5.059,3.692,2.566,2.42,21.637,5.807,5.556,5.056,9.451,10.014,3.665,5.807
54,mehuwala,5.905,5.919,4.535,3.034,4.654,6.422,3.92,7.346,2.721,3.956,5.168,4.764,26.532,20.326,19.053,4.902,9.913,8.897,10.151,8.499,7.163,4.902,11.136,9.419,5.554,9.067,8.873,5.071,6.682,4.815,3.46,4.833,4.552,4.981,5.526,3.311,4.933,5.314,5.314,5.314,5.825,11.49,11.362,4.513,4.789,5.074,5.36,6.84,7.112,4.764,16.473,26.437,3.03,0.533,0.0,5.926,7.324,11.7,6.861,12.881,5.857,7.695,,6.84,5.926,6.48,36.247,15.391,5.746,18.894,19.004,18.894,13.533,3.153,4.535,3.162,2.145,2.225,21.209,5.919,5.75,5.207,9.028,9.481,3.144,5.919
55,race course,1.108,0.898,1.469,5.296,6.221,1.472,2.017,6.471,4.202,3.882,0.799,3.476,21.986,17.212,15.639,1.376,4.934,4.046,5.635,3.804,3.999,1.376,5.288,3.632,0.619,3.186,5.754,6.963,2.534,2.5,2.849,1.107,1.374,1.69,0.445,3.188,3.406,1.661,1.661,1.661,0.535,7.886,6.584,1.594,1.262,0.982,0.679,1.374,1.93,3.476,12.107,30.94,8.865,5.735,5.926,0.0,2.136,8.006,1.198,8.65,0.559,2.763,,1.374,0.0,0.961,41.714,20.442,0.739,24.145,24.784,24.145,18.876,8.227,9.282,7.998,5.621,4.411,26.524,0.898,0.182,0.818,14.522,12.817,8.21,0.898
56,dharampur,3.163,2.955,3.393,5.806,6.162,3.323,3.737,5.388,5.007,4.167,2.482,3.4,19.9,15.112,13.521,3.465,2.835,1.912,3.5,1.676,2.504,3.465,4.001,2.294,2.041,2.24,7.473,6.846,1.178,2.72,3.881,2.792,3.125,2.344,2.527,5.129,5.542,3.795,3.795,3.795,2.645,9.269,7.462,2.873,2.673,2.443,2.261,2.901,0.226,3.4,9.982,32.959,10.037,7.013,7.324,2.136,0.0,9.345,1.02,9.699,2.657,4.175,,2.901,2.136,1.176,43.472,22.324,2.854,25.974,26.329,25.974,20.66,9.983,11.139,9.798,7.467,6.232,28.335,2.955,2.201,2.875,16.229,14.908,9.967,2.955
57,mata mandir,7.066,7.226,8.315,12.683,13.978,6.563,8.858,14.457,11.47,11.635,8.547,11.418,25.979,23.414,21.663,7.791,11.039,10.686,12.085,10.712,11.779,7.791,8.803,8.599,8.603,8.005,2.832,14.716,10.29,10.445,10.237,8.64,8.625,9.63,8.004,8.548,6.786,7.122,7.122,7.122,7.584,0.25,2.582,9.238,8.961,8.789,8.572,6.678,9.265,11.418,17.363,30.103,14.558,11.854,11.7,8.006,9.345,0.0,8.467,1.548,7.544,5.272,,6.678,8.006,8.594,42.797,21.496,7.463,25.337,27.615,25.337,20.757,12.03,12.223,11.649,9.957,9.475,27.725,7.226,8.119,8.001,17.337,12.513,12.012,7.226
58,balbir road,2.157,1.953,2.6,5.764,6.394,2.304,3.057,6.07,4.807,4.19,1.746,3.563,20.789,16.127,14.529,2.571,3.746,2.889,4.49,2.688,3.312,2.571,4.276,2.561,1.321,2.234,6.489,7.114,1.828,2.69,3.536,2.085,2.408,2.053,1.629,4.346,4.577,2.823,2.823,2.823,1.667,8.377,6.726,2.353,2.074,1.794,1.532,1.902,0.859,3.563,10.926,32.132,9.708,6.61,6.861,1.198,1.02,8.467,0.0,8.917,1.673,3.231,,1.902,1.198,0.387,42.834,21.6,1.874,25.287,25.818,25.287,20.0,9.331,10.426,9.119,6.753,5.528,27.66,1.953,1.306,1.999,15.616,14.014,9.315,1.953
59,rajpur,7.828,7.96,9.182,13.605,14.793,7.284,9.769,14.984,12.401,12.433,9.278,12.121,25.183,23.118,21.342,8.659,11.033,10.818,12.099,10.905,12.191,8.659,8.491,8.596,9.266,8.066,4.143,15.536,10.738,11.144,11.111,9.42,9.454,10.326,8.722,9.644,7.949,8.017,8.017,8.017,8.291,1.795,2.283,10.023,9.722,9.517,9.27,7.28,9.653,12.121,16.939,31.578,15.803,12.992,12.881,8.65,9.699,1.548,8.917,0.0,8.249,5.892,,7.28,8.65,9.104,44.335,23.043,8.201,26.884,29.144,26.884,22.3,13.422,13.68,13.047,11.246,10.664,29.271,7.96,8.785,8.78,18.842,14.058,13.404,7.96
60,great value,0.551,0.345,1.322,5.522,6.56,0.981,1.953,6.973,4.378,4.202,1.033,3.884,22.442,17.755,16.175,1.04,5.417,4.557,6.153,4.332,4.551,1.04,5.532,3.94,1.072,3.431,5.228,7.303,3.092,2.907,3.02,1.229,1.385,2.089,0.475,2.909,2.904,1.15,1.15,1.15,0.043,7.415,6.241,1.813,1.493,1.269,1.029,1.07,2.459,3.884,12.599,30.536,8.845,5.716,5.857,0.559,2.657,7.544,1.673,8.249,0.0,2.362,,1.07,0.559,1.494,41.432,20.114,0.201,23.838,24.591,23.838,18.593,7.984,8.987,7.737,5.355,4.178,26.224,0.345,0.602,0.663,14.279,12.371,7.968,0.345
61,dilaram bazar,1.988,2.092,3.426,7.827,8.92,1.423,4.06,9.187,6.65,6.561,3.394,6.23,22.832,18.975,17.304,2.931,6.365,5.771,7.317,5.702,6.533,2.931,5.216,4.161,3.376,3.502,3.335,9.664,5.037,5.252,5.313,3.561,3.639,4.434,2.837,4.413,3.308,2.394,2.394,2.394,2.404,5.167,3.896,4.159,3.848,3.631,3.378,1.409,4.064,6.23,13.355,30.742,10.725,7.665,7.695,2.763,4.175,5.272,3.231,5.892,2.362,0.0,,1.409,2.763,3.328,42.242,20.785,2.331,24.589,25.818,24.589,19.49,9.225,9.978,8.913,6.639,5.666,26.998,2.092,2.894,2.93,15.386,12.456,9.207,2.092
62,nanni bakery dehradun,,,,,,,,,,,,,,,,,,,,,,,,,,,,,,,,,,,,,,,,,,,,,,,,,,,,,,,,,,,,,,,0.0,,,,,,,,,,,,,,,,,,,,,,,
63,survey chowk,0.95,0.923,2.337,6.587,7.583,0.594,2.983,7.779,5.447,5.234,2.074,4.849,22.211,17.927,16.296,1.938,5.379,4.654,6.245,4.519,5.16,1.938,4.906,3.491,1.992,2.887,4.588,8.326,3.662,3.873,4.089,2.297,2.448,3.061,1.528,3.728,3.222,1.675,1.675,1.675,1.111,6.569,5.214,2.872,2.545,2.298,2.021,0.0,2.759,4.849,12.519,30.973,9.849,6.73,6.84,1.374,2.901,6.678,1.902,7.28,1.07,1.409,,0.0,1.374,1.944,42.111,20.726,1.119,24.485,25.412,24.485,19.289,8.774,9.689,8.501,6.137,5.021,26.882,0.923,1.52,1.72,15.044,12.724,8.757,0.923
64,dwarka store,1.108,0.898,1.469,5.296,6.221,1.472,2.017,6.471,4.202,3.882,0.799,3.476,21.986,17.212,15.639,1.376,4.934,4.046,5.635,3.804,3.999,1.376,5.288,3.632,0.619,3.186,5.754,6.963,2.534,2.5,2.849,1.107,1.374,1.69,0.445,3.188,3.406,1.661,1.661,1.661,0.535,7.886,6.584,1.594,1.262,0.982,0.679,1.374,1.93,3.476,12.107,30.94,8.865,5.735,5.926,0.0,2.136,8.006,1.198,8.65,0.559,2.763,,1.374,0.0,0.961,41.714,20.442,0.739,24.145,24.784,24.145,18.876,8.227,9.282,7.998,5.621,4.411,26.524,0.898,0.182,0.818,14.522,12.817,8.21,0.898
65,araghar,2.019,1.809,2.274,5.396,6.07,2.258,2.699,5.885,4.426,3.836,1.393,3.241,21.054,16.261,14.682,2.298,3.992,3.088,4.675,2.844,3.217,2.298,4.659,2.94,0.957,2.62,6.516,6.795,1.718,2.341,3.15,1.728,2.055,1.675,1.355,4.022,4.366,2.621,2.621,2.621,1.479,8.494,6.941,1.969,1.696,1.422,1.174,1.944,0.969,3.241,11.155,31.834,9.322,6.225,6.48,0.961,1.176,8.594,0.387,9.104,1.494,3.328,,1.944,0.961,0.0,42.481,21.266,1.688,24.944,25.444,24.944,19.65,8.977,10.086,8.77,6.411,5.182,27.314,1.809,1.028,1.711,15.256,13.748,8.961,1.809
66,kulhal,41.215,41.331,40.251,38.661,39.596,41.538,39.782,42.61,38.879,40.064,41.09,40.926,62.487,55.19,54.319,40.395,46.152,45.136,46.384,44.743,43.327,40.395,46.962,45.346,41.525,44.863,40.888,39.459,42.924,41.062,39.688,40.754,40.428,41.167,41.27,38.534,38.984,40.45,40.45,40.45,41.414,42.557,44.341,40.599,40.816,41.07,41.307,42.111,43.25,40.926,52.526,14.612,34.042,36.643,36.247,41.714,43.472,42.797,42.834,44.335,41.432,42.242,,42.111,41.714,42.481,0.0,21.48,41.257,17.654,17.818,17.654,22.84,33.505,32.445,33.718,36.094,37.309,15.244,41.331,41.567,40.9,27.245,30.313,33.52,41.331
67,vikasnagar,19.855,19.985,19.0,18.163,19.426,20.143,18.589,22.427,18.11,19.342,19.875,20.155,41.921,35.457,34.308,19.09,25.097,24.092,25.466,23.724,22.548,19.09,25.615,24.052,20.318,23.534,19.447,19.494,21.919,20.117,18.701,19.548,19.216,20.095,19.997,17.257,17.556,19.084,19.084,19.084,20.1,21.25,22.901,19.47,19.651,19.885,20.096,20.726,22.098,20.155,31.86,11.369,13.836,15.857,15.391,20.442,22.324,21.496,21.6,23.043,20.114,20.785,,20.726,20.442,21.266,21.48,0.0,19.931,3.851,7.54,3.851,2.444,12.388,11.185,12.538,14.859,16.093,6.259,19.985,20.306,19.623,6.611,9.001,12.402,19.985
68,tehsil,0.408,0.241,1.222,5.512,6.595,0.917,1.866,7.089,4.353,4.235,1.085,3.956,22.642,17.947,16.37,0.881,5.618,4.756,6.352,4.529,4.71,0.881,5.704,4.125,1.196,3.607,5.103,7.338,3.262,2.983,3.001,1.23,1.339,2.169,0.546,2.746,2.704,0.949,0.949,0.949,0.209,7.329,6.224,1.828,1.521,1.327,1.12,1.119,2.655,3.956,12.799,30.342,8.745,5.62,5.746,0.739,2.854,7.463,1.874,8.201,0.201,2.331,,1.119,0.739,1.688,41.257,19.931,0.0,23.659,24.438,23.659,18.42,7.823,8.812,7.571,5.19,4.023,26.047,0.241,0.752,0.611,14.115,12.173,7.806,0.241
69,harbatpur chowk,23.6,23.723,22.69,21.537,22.686,23.907,22.252,25.713,21.592,22.811,23.551,23.647,45.398,38.662,37.594,22.807,28.714,27.703,29.031,27.325,26.052,22.807,29.358,27.769,23.99,27.267,23.297,22.679,25.51,23.678,22.274,23.219,22.889,23.708,23.699,20.957,21.339,22.832,22.832,22.832,23.822,25.092,26.751,23.106,23.304,23.547,23.77,24.485,25.75,23.647,35.35,9.09,17.05,19.332,18.894,24.145,25.974,25.337,25.287,26.884,23.838,24.589,,24.485,24.145,24.944,17.654,3.851,23.659,0.0,5.58,0.0,5.367,15.995,14.863,16.178,18.534,19.761,2.413,23.723,24.003,23.327,9.895,12.831,16.01,23.723
70,langa road,24.472,24.553,23.322,21.137,21.932,24.879,22.781,24.914,21.502,22.631,24.084,23.507,44.795,37.377,36.53,23.557,28.865,27.853,28.98,27.444,25.872,23.557,30.068,28.377,24.498,27.97,25.219,21.743,25.643,23.765,22.459,23.743,23.433,23.986,24.352,21.698,22.513,23.74,23.74,23.74,24.566,27.364,28.591,23.494,23.749,24.024,24.29,25.412,26.115,23.507,34.918,13.768,16.508,19.337,19.004,24.784,26.329,27.615,25.818,29.144,24.591,25.818,,25.412,24.784,25.444,17.818,7.54,24.438,5.58,0.0,5.58,7.064,16.639,15.854,16.925,19.275,20.415,5.684,24.553,24.62,23.996,10.448,15.624,16.657,24.553
71,shaspur,23.6,23.723,22.69,21.537,22.686,23.907,22.252,25.713,21.592,22.811,23.551,23.647,45.398,38.662,37.594,22.807,28.714,27.703,29.031,27.325,26.052,22.807,29.358,27.769,23.99,27.267,23.297,22.679,25.51,23.678,22.274,23.219,22.889,23.708,23.699,20.957,21.339,22.832,22.832,22.832,23.822,25.092,26.751,23.106,23.304,23.547,23.77,24.485,25.75,23.647,35.35,9.09,17.05,19.332,18.894,24.145,25.974,25.337,25.287,26.884,23.838,24.589,,24.485,24.145,24.944,17.654,3.851,23.659,0.0,5.58,0.0,5.367,15.995,14.863,16.178,18.534,19.761,2.413,23.723,24.003,23.327,9.895,12.831,16.01,23.723
